Techniques=EyeAdaption@EyeAdaption.fx,LumaSharpen@LumaSharpen.fx,FXAA@FXAA.fx,HDR@FakeHDR.fx,DPX@DPX.fx,Technicolor@Technicolor.fx,Curves@Curves.fx,Vibrance@Vibrance.fx

[Curves.fx]
Contrast=0.406173
Formula=7
Mode=2

[DPX.fx]
Colorfulness=2.500000
Contrast=0.100000
RGB_C=0.360000,0.360000,0.340000
RGB_Curve=8.000000,8.000000,8.000000
Saturation=3.000000
Strength=0.218492

[EyeAdaption.fx]
fAdp_BrightenHighlights=0.117579
fAdp_BrightenMidtones=0.217579
fAdp_BrightenShadows=0.100000
fAdp_DarkenHighlights=0.117579
fAdp_DarkenMidtones=0.217579
fAdp_DarkenShadows=0.100000
fAdp_Delay=1.494526
fAdp_Equilibrium=0.500000
fAdp_Strength=1.000000
fAdp_TriggerRadius=6.175789
fAdp_YAxisFocalPoint=0.526369

[FakeHDR.fx]
HDRPower=1.192934
radius1=0.793000
radius2=0.870000

[FXAA.fx]
EdgeThreshold=0.125000
EdgeThresholdMin=0.000000
Subpix=0.250000

[LumaSharpen.fx]
offset_bias=1.400028
pattern=1
sharp_clamp=0.113875
sharp_strength=0.974749
show_sharpen=0

[Technicolor.fx]
Power=4.000000
RGBNegativeAmount=0.880000,0.880000,0.880000
Strength=0.400000

[Vibrance.fx]
Vibrance=0.169221
VibranceRGBBalance=1.000000,1.000000,1.000000

